Card #1
+----+----+----+----+----+----+----+
| 42 | 60 | 140| 128| 54 | 149| 151|
+----+----+----+----+----+----+----+
| 154| 59 | 39 | 3  | 95 | 13 | 50 |
+----+----+----+----+----+----+----+
| 138| 164| 84 | 49 | 127| 1  | 91 |
+----+----+----+----+----+----+----+
| 9  | 116| 170| 76 | 132| 72 | 133|
+----+----+----+----+----+----+----+
| 81 | 34 | 100| 89 | 104| 44 | 160|
+----+----+----+----+----+----+----+
| 30 | 94 | 171| 67 | 63 | 97 | 101|
+----+----+----+----+----+----+----+
| 111| 143| 33 | 37 | 51 | 7  | 71 |
+----+----+----+----+----+----+----+

Card #2
+----+----+----+----+----+----+----+
| 66 | 73 | 112| 17 | 14 | 93 | 149|
+----+----+----+----+----+----+----+
| 170| 12 | 88 | 138| 4  | 122| 129|
+----+----+----+----+----+----+----+
| 139| 127| 145| 9  | 160| 57 | 13 |
+----+----+----+----+----+----+----+
| 131| 172| 159| 11 | 120| 126| 113|
+----+----+----+----+----+----+----+
| 130| 49 | 24 | 173| 51 | 136| 97 |
+----+----+----+----+----+----+----+
| 81 | 55 | 141| 38 | 100| 19 | 6  |
+----+----+----+----+----+----+----+
| 168| 85 | 72 | 21 | 134| 76 | 166|
+----+----+----+----+----+----+----+

Card #3
+----+----+----+----+----+----+----+
| 142| 52 | 92 | 16 | 135| 54 | 165|
+----+----+----+----+----+----+----+
| 115| 176| 138| 17 | 93 | 89 | 127|
+----+----+----+----+----+----+----+
| 131| 161| 68 | 133| 102| 10 | 59 |
+----+----+----+----+----+----+----+
| 75 | 118| 78 | 60 | 173| 24 | 150|
+----+----+----+----+----+----+----+
| 4  | 51 | 167| 72 | 110| 130| 141|
+----+----+----+----+----+----+----+
| 1  | 63 | 65 | 13 | 6  | 132| 112|
+----+----+----+----+----+----+----+
| 148| 26 | 39 | 171| 47 | 172| 91 |
+----+----+----+----+----+----+----+

Card #4
+----+----+----+----+----+----+----+
| 59 | 140| 133| 54 | 53 | 46 | 150|
+----+----+----+----+----+----+----+
| 175| 72 | 74 | 114| 12 | 26 | 5  |
+----+----+----+----+----+----+----+
| 108| 121| 151| 69 | 158| 134| 6  |
+----+----+----+----+----+----+----+
| 174| 106| 117| 51 | 143| 37 | 30 |
+----+----+----+----+----+----+----+
| 35 | 4  | 42 | 122| 135| 10 | 131|
+----+----+----+----+----+----+----+
| 85 | 7  | 80 | 172| 110| 123| 15 |
+----+----+----+----+----+----+----+
| 67 | 70 | 49 | 60 | 120| 90 | 44 |
+----+----+----+----+----+----+----+

Card #5
+----+----+----+----+----+----+----+
| 118| 82 | 131| 80 | 21 | 108| 137|
+----+----+----+----+----+----+----+
| 99 | 171| 174| 169| 56 | 41 | 7  |
+----+----+----+----+----+----+----+
| 96 | 157| 24 | 55 | 151| 168| 167|
+----+----+----+----+----+----+----+
| 114| 134| 142| 127| 1  | 111| 139|
+----+----+----+----+----+----+----+
| 57 | 67 | 110| 36 | 18 | 104| 141|
+----+----+----+----+----+----+----+
| 120| 93 | 123| 33 | 143| 162| 175|
+----+----+----+----+----+----+----+
| 34 | 140| 47 | 20 | 8  | 98 | 121|
+----+----+----+----+----+----+----+

Card #6
+----+----+----+----+----+----+----+
| 98 | 135| 99 | 31 | 57 | 21 | 153|
+----+----+----+----+----+----+----+
| 1  | 68 | 19 | 9  | 113| 72 | 89 |
+----+----+----+----+----+----+----+
| 8  | 132| 56 | 7  | 125| 37 | 33 |
+----+----+----+----+----+----+----+
| 34 | 173| 155| 50 | 140| 71 | 92 |
+----+----+----+----+----+----+----+
| 43 | 29 | 17 | 112| 62 | 144| 176|
+----+----+----+----+----+----+----+
| 63 | 66 | 70 | 61 | 20 | 165| 123|
+----+----+----+----+----+----+----+
| 51 | 107| 53 | 28 | 12 | 60 | 145|
+----+----+----+----+----+----+----+

Card #7
+----+----+----+----+----+----+----+
| 89 | 106| 17 | 128| 74 | 10 | 45 |
+----+----+----+----+----+----+----+
| 50 | 38 | 49 | 96 | 23 | 24 | 9  |
+----+----+----+----+----+----+----+
| 66 | 97 | 67 | 85 | 136| 129| 144|
+----+----+----+----+----+----+----+
| 118| 172| 57 | 36 | 26 | 171| 82 |
+----+----+----+----+----+----+----+
| 135| 114| 86 | 105| 167| 111| 160|
+----+----+----+----+----+----+----+
| 130| 33 | 124| 159| 152| 54 | 155|
+----+----+----+----+----+----+----+
| 14 | 3  | 94 | 162| 29 | 84 | 148|
+----+----+----+----+----+----+----+

