Card #1
+----+----+----+----+----+----+----+----+----+----+----+----+----+----+----+
| 279| 275| 95 | 164| 147| 39 | 236| 353| 156| 359| 219| 185| 68 | 112| 220|
+----+----+----+----+----+----+----+----+----+----+----+----+----+----+----+
| 345| 120| 109| 245| 434| 45 | 63 | 96 | 347| 30 | 9  | 323| 36 | 341| 437|
+----+----+----+----+----+----+----+----+----+----+----+----+----+----+----+
| 450| 412| 88 | 255| 84 | 57 | 383| 292| 222| 378| 235| 76 | 321| 169| 247|
+----+----+----+----+----+----+----+----+----+----+----+----+----+----+----+
| 364| 234| 366| 153| 53 | 420| 199| 277| 1  | 113| 177| 446| 313| 123| 417|
+----+----+----+----+----+----+----+----+----+----+----+----+----+----+----+
| 97 | 183| 382| 272| 80 | 194| 271| 178| 352| 424| 241| 6  | 304| 392| 31 |
+----+----+----+----+----+----+----+----+----+----+----+----+----+----+----+
| 102| 20 | 266| 375| 423| 217| 150| 81 | 246| 248| 93 | 225| 295| 322| 260|
+----+----+----+----+----+----+----+----+----+----+----+----+----+----+----+
| 99 | 337| 231| 90 | 16 | 146| 267| 252| 60 | 119| 3  | 300| 136| 163| 398|
+----+----+----+----+----+----+----+----+----+----+----+----+----+----+----+
| 223| 137| 181| 118| 404| 349| 103| 59 | 188| 49 | 34 | 296| 319| 339| 379|
+----+----+----+----+----+----+----+----+----+----+----+----+----+----+----+
| 385| 389| 441| 227| 70 | 154| 176| 327| 344| 228| 371| 221| 135| 5  | 75 |
+----+----+----+----+----+----+----+----+----+----+----+----+----+----+----+
| 218| 79 | 66 | 197| 401| 44 | 200| 155| 386| 92 | 432| 422| 251| 284| 290|
+----+----+----+----+----+----+----+----+----+----+----+----+----+----+----+
| 370| 26 | 302| 13 | 108| 415| 376| 21 | 250| 129| 400| 363| 138| 436| 139|
+----+----+----+----+----+----+----+----+----+----+----+----+----+----+----+
| 362| 117| 384| 89 | 408| 330| 445| 261| 184| 187| 158| 243| 380| 54 | 444|
+----+----+----+----+----+----+----+----+----+----+----+----+----+----+----+
| 411| 287| 110| 134| 381| 254| 203| 107| 133| 335| 35 | 94 | 340| 114| 438|
+----+----+----+----+----+----+----+----+----+----+----+----+----+----+----+
| 338| 77 | 205| 311| 229| 430| 281| 215| 308| 131| 346| 32 | 301| 106| 294|
+----+----+----+----+----+----+----+----+----+----+----+----+----+----+----+
| 18 | 342| 91 | 373| 116| 214| 65 | 448| 265| 405| 350| 274| 242| 428| 149|
+----+----+----+----+----+----+----+----+----+----+----+----+----+----+----+

Card #2
+----+----+----+----+----+----+----+----+----+----+----+----+----+----+----+
| 138| 222| 181| 383| 35 | 29 | 2  | 295| 424| 443| 338| 42 | 437| 362| 294|
+----+----+----+----+----+----+----+----+----+----+----+----+----+----+----+
| 390| 108| 196| 239| 366| 379| 109| 205| 392| 400| 206| 272| 303| 65 | 260|
+----+----+----+----+----+----+----+----+----+----+----+----+----+----+----+
| 122| 147| 70 | 279| 264| 50 | 145| 185| 330| 44 | 310| 444| 191| 319| 120|
+----+----+----+----+----+----+----+----+----+----+----+----+----+----+----+
| 280| 68 | 180| 266| 209| 309| 157| 63 | 336| 324| 377| 380| 394| 256| 6  |
+----+----+----+----+----+----+----+----+----+----+----+----+----+----+----+
| 146| 386| 163| 119| 118| 270| 15 | 259| 448| 415| 57 | 114| 107| 267| 248|
+----+----+----+----+----+----+----+----+----+----+----+----+----+----+----+
| 322| 410| 242| 20 | 311| 176| 321| 360| 165| 75 | 328| 281| 13 | 333| 228|
+----+----+----+----+----+----+----+----+----+----+----+----+----+----+----+
| 111| 298| 14 | 137| 441| 317| 244| 172| 184| 316| 182| 198| 190| 227| 289|
+----+----+----+----+----+----+----+----+----+----+----+----+----+----+----+
| 202| 231| 418| 384| 22 | 125| 215| 236| 95 | 136| 100| 32 | 115| 66 | 291|
+----+----+----+----+----+----+----+----+----+----+----+----+----+----+----+
| 234| 94 | 232| 26 | 33 | 27 | 97 | 199| 345| 365| 188| 300| 216| 37 | 53 |
+----+----+----+----+----+----+----+----+----+----+----+----+----+----+----+
| 288| 211| 86 | 406| 24 | 426| 85 | 45 | 292| 116| 350| 3  | 132| 149| 318|
+----+----+----+----+----+----+----+----+----+----+----+----+----+----+----+
| 399| 226| 342| 353| 233| 23 | 301| 214| 417| 30 | 79 | 263| 425| 80 | 74 |
+----+----+----+----+----+----+----+----+----+----+----+----+----+----+----+
| 287| 183| 277| 169| 99 | 370| 151| 323| 89 | 347| 265| 126| 449| 261| 76 |
+----+----+----+----+----+----+----+----+----+----+----+----+----+----+----+
| 351| 251| 193| 143| 164| 299| 258| 229| 88 | 92 | 341| 82 | 58 | 171| 161|
+----+----+----+----+----+----+----+----+----+----+----+----+----+----+----+
| 40 | 388| 332| 43 | 378| 154| 210| 21 | 225| 331| 245| 87 | 419| 54 | 340|
+----+----+----+----+----+----+----+----+----+----+----+----+----+----+----+
| 354| 432| 139| 62 | 155| 170| 1  | 395| 405| 72 | 160| 352| 446| 283| 382|
+----+----+----+----+----+----+----+----+----+----+----+----+----+----+----+

Card #3
+----+----+----+----+----+----+----+----+----+----+----+----+----+----+----+
| 67 | 327| 282| 316| 203| 159| 289| 64 | 415| 287| 138| 424| 112| 218| 435|
+----+----+----+----+----+----+----+----+----+----+----+----+----+----+----+
| 108| 291| 31 | 340| 52 | 378| 128| 228| 237| 334| 212| 391| 135| 125| 331|
+----+----+----+----+----+----+----+----+----+----+----+----+----+----+----+
| 412| 294| 2  | 265| 275| 366| 56 | 116| 446| 199| 255| 266| 433| 336| 28 |
+----+----+----+----+----+----+----+----+----+----+----+----+----+----+----+
| 140| 271| 213| 429| 309| 111| 16 | 105| 202| 26 | 286| 73 | 27 | 317| 357|
+----+----+----+----+----+----+----+----+----+----+----+----+----+----+----+
| 449| 195| 346| 222| 268| 130| 84 | 420| 208| 405| 389| 171| 371| 332| 305|
+----+----+----+----+----+----+----+----+----+----+----+----+----+----+----+
| 234| 341| 328| 223| 70 | 295| 9  | 175| 113| 205| 326| 178| 361| 133| 158|
+----+----+----+----+----+----+----+----+----+----+----+----+----+----+----+
| 448| 4  | 362| 258| 233| 253| 251| 434| 1  | 312| 201| 345| 34 | 407| 422|
+----+----+----+----+----+----+----+----+----+----+----+----+----+----+----+
| 38 | 445| 161| 122| 79 | 132| 296| 229| 394| 226| 338| 155| 399| 10 | 37 |
+----+----+----+----+----+----+----+----+----+----+----+----+----+----+----+
| 263| 284| 60 | 221| 62 | 59 | 239| 88 | 427| 41 | 232| 388| 430| 220| 177|
+----+----+----+----+----+----+----+----+----+----+----+----+----+----+----+
| 99 | 419| 368| 257| 146| 447| 156| 365| 170| 373| 297| 382| 375| 240| 216|
+----+----+----+----+----+----+----+----+----+----+----+----+----+----+----+
| 87 | 393| 66 | 210| 198| 94 | 134| 189| 300| 397| 61 | 150| 188| 192| 249|
+----+----+----+----+----+----+----+----+----+----+----+----+----+----+----+
| 18 | 244| 46 | 369| 145| 230| 416| 355| 121| 413| 77 | 103| 414| 306| 104|
+----+----+----+----+----+----+----+----+----+----+----+----+----+----+----+
| 174| 260| 245| 437| 90 | 285| 164| 270| 7  | 131| 330| 200| 262| 193| 367|
+----+----+----+----+----+----+----+----+----+----+----+----+----+----+----+
| 325| 277| 339| 19 | 55 | 17 | 301| 304| 91 | 211| 25 | 269| 360| 12 | 176|
+----+----+----+----+----+----+----+----+----+----+----+----+----+----+----+
| 423| 33 | 101| 207| 396| 32 | 184| 335| 169| 44 | 290| 6  | 409| 261| 137|
+----+----+----+----+----+----+----+----+----+----+----+----+----+----+----+
